1 2 3 4 5 6 62
1 2 3 4 6 5 62
1 2 3 5 4 6 62
1 2 3 5 6 4 62
1 2 3 6 4 5 62
1 2 3 6 5 4 62
1 2 4 3 5 6 62
1 2 4 3 6 5 62
1 2 4 5 3 6 62
1 2 4 5 6 3 62
1 2 4 6 3 5 62
1 2 4 6 5 3 62
1 2 5 3 4 6 62
1 2 5 3 6 4 62
1 2 5 4 3 6 62
1 2 5 4 6 3 62
1 2 5 6 3 4 62
1 2 5 6 4 3 62
1 2 6 3 4 5 62
1 2 6 3 5 4 62
1 2 6 4 3 5 62
1 2 6 4 5 3 62
1 2 6 5 3 4 62
1 2 6 5 4 3 62
1 3 2 4 5 6 62
1 3 2 4 6 5 62
1 3 2 5 4 6 62
1 3 2 5 6 4 62
1 3 2 6 4 5 62
1 3 2 6 5 4 62
1 3 4 2 5 6 62
1 3 4 2 6 5 62
1 3 4 5 2 6 62
1 3 4 5 6 2 62
1 3 4 6 2 5 62
1 3 4 6 5 2 62
1 3 5 2 4 6 62
1 3 5 2 6 4 62
1 3 5 4 2 6 62
1 3 5 4 6 2 62
1 3 5 6 2 4 62
1 3 5 6 4 2 62
1 3 6 2 4 5 62
1 3 6 2 5 4 62
1 3 6 4 2 5 62
1 3 6 4 5 2 62
1 3 6 5 2 4 62
1 3 6 5 4 2 62
1 4 2 3 5 6 62
1 4 2 3 6 5 62
1 4 2 5 3 6 62
1 4 2 5 6 3 62
1 4 2 6 3 5 62
1 4 2 6 5 3 62
1 4 3 2 5 6 62
1 4 3 2 6 5 62
1 4 3 5 2 6 62
1 4 3 5 6 2 62
1 4 3 6 2 5 62
1 4 3 6 5 2 62
1 4 5 2 3 6 62
1 4 5 2 6 3 62
1 4 5 3 2 6 62
1 4 5 3 6 2 62
1 4 5 6 2 3 62
1 4 5 6 3 2 62
1 4 6 2 3 5 62
1 4 6 2 5 3 62
1 4 6 3 2 5 62
1 4 6 3 5 2 62
1 4 6 5 2 3 62
1 4 6 5 3 2 62
1 5 2 3 4 6 62
1 5 2 3 6 4 62
1 5 2 4 3 6 62
1 5 2 4 6 3 62
1 5 2 6 3 4 62
1 5 2 6 4 3 62
1 5 3 2 4 6 62
1 5 3 2 6 4 62
1 5 3 4 2 6 62
1 5 3 4 6 2 62
1 5 3 6 2 4 62
1 5 3 6 4 2 62
1 5 4 2 3 6 62
1 5 4 2 6 3 62
1 5 4 3 2 6 62
1 5 4 3 6 2 62
1 5 4 6 2 3 62
1 5 4 6 3 2 62
1 5 6 2 3 4 62
1 5 6 2 4 3 62
1 5 6 3 2 4 62
1 5 6 3 4 2 62
1 5 6 4 2 3 62
1 5 6 4 3 2 62
1 6 2 3 4 5 62
1 6 2 3 5 4 62
1 6 2 4 3 5 62
1 6 2 4 5 3 62
1 6 2 5 3 4 62
1 6 2 5 4 3 62
1 6 3 2 4 5 62
1 6 3 2 5 4 62
1 6 3 4 2 5 62
1 6 3 4 5 2 62
1 6 3 5 2 4 62
1 6 3 5 4 2 62
1 6 4 2 3 5 62
1 6 4 2 5 3 62
1 6 4 3 2 5 62
1 6 4 3 5 2 62
1 6 4 5 2 3 62
1 6 4 5 3 2 62
1 6 5 2 3 4 62
1 6 5 2 4 3 62
1 6 5 3 2 4 62
1 6 5 3 4 2 62
1 6 5 4 2 3 62
1 6 5 4 3 2 62
2 1 3 4 5 6 65
2 1 3 4 6 5 65
2 1 3 5 4 6 65
2 1 3 5 6 4 65
2 1 3 6 4 5 65
2 1 3 6 5 4 65
2 1 4 3 5 6 65
2 1 4 3 6 5 65
2 1 4 5 3 6 65
2 1 4 5 6 3 65
2 1 4 6 3 5 65
2 1 4 6 5 3 65
2 1 5 3 4 6 65
2 1 5 3 6 4 65
2 1 5 4 3 6 65
2 1 5 4 6 3 65
2 1 5 6 3 4 65
2 1 5 6 4 3 65
2 1 6 3 4 5 65
2 1 6 3 5 4 65
2 1 6 4 3 5 65
2 1 6 4 5 3 65
2 1 6 5 3 4 65
2 1 6 5 4 3 65
2 3 1 4 5 6 65
2 3 1 4 6 5 65
2 3 1 5 4 6 65
2 3 1 5 6 4 65
2 3 1 6 4 5 65
2 3 1 6 5 4 65
2 3 4 1 5 6 65
2 3 4 1 6 5 65
2 3 4 5 1 6 65
2 3 4 5 6 1 65
2 3 4 6 1 5 65
2 3 4 6 5 1 65
2 3 5 1 4 6 65
2 3 5 1 6 4 65
2 3 5 4 1 6 65
2 3 5 4 6 1 65
2 3 5 6 1 4 65
2 3 5 6 4 1 65
2 3 6 1 4 5 65
2 3 6 1 5 4 65
2 3 6 4 1 5 65
2 3 6 4 5 1 65
2 3 6 5 1 4 65
2 3 6 5 4 1 65
2 4 1 3 5 6 65
2 4 1 3 6 5 65
2 4 1 5 3 6 65
2 4 1 5 6 3 65
2 4 1 6 3 5 65
2 4 1 6 5 3 65
2 4 3 1 5 6 65
2 4 3 1 6 5 65
2 4 3 5 1 6 65
2 4 3 5 6 1 65
2 4 3 6 1 5 65
2 4 3 6 5 1 65
2 4 5 1 3 6 65
2 4 5 1 6 3 65
2 4 5 3 1 6 65
2 4 5 3 6 1 65
2 4 5 6 1 3 65
2 4 5 6 3 1 65
2 4 6 1 3 5 65
2 4 6 1 5 3 65
2 4 6 3 1 5 65
2 4 6 3 5 1 65
2 4 6 5 1 3 65
2 4 6 5 3 1 65
2 5 1 3 4 6 65
2 5 1 3 6 4 65
2 5 1 4 3 6 65
2 5 1 4 6 3 65
2 5 1 6 3 4 65
2 5 1 6 4 3 65
2 5 3 1 4 6 65
2 5 3 1 6 4 65
2 5 3 4 1 6 65
2 5 3 4 6 1 65
2 5 3 6 1 4 65
2 5 3 6 4 1 65
2 5 4 1 3 6 65
2 5 4 1 6 3 65
2 5 4 3 1 6 65
2 5 4 3 6 1 65
2 5 4 6 1 3 65
2 5 4 6 3 1 65
2 5 6 1 3 4 65
2 5 6 1 4 3 65
2 5 6 3 1 4 65
2 5 6 3 4 1 65
2 5 6 4 1 3 65
2 5 6 4 3 1 65
2 6 1 3 4 5 65
2 6 1 3 5 4 65
2 6 1 4 3 5 65
2 6 1 4 5 3 65
2 6 1 5 3 4 65
2 6 1 5 4 3 65
2 6 3 1 4 5 65
2 6 3 1 5 4 65
2 6 3 4 1 5 65
2 6 3 4 5 1 65
2 6 3 5 1 4 65
2 6 3 5 4 1 65
2 6 4 1 3 5 65
2 6 4 1 5 3 65
2 6 4 3 1 5 65
2 6 4 3 5 1 65
2 6 4 5 1 3 65
2 6 4 5 3 1 65
2 6 5 1 3 4 65
2 6 5 1 4 3 65
2 6 5 3 1 4 65
2 6 5 3 4 1 65
2 6 5 4 1 3 65
2 6 5 4 3 1 65
3 1 2 4 5 6 62
3 1 2 4 6 5 62
3 1 2 5 4 6 62
3 1 2 5 6 4 62
3 1 2 6 4 5 62
3 1 2 6 5 4 62
3 1 4 2 5 6 62
3 1 4 2 6 5 62
3 1 4 5 2 6 62
3 1 4 5 6 2 62
3 1 4 6 2 5 62
3 1 4 6 5 2 62
3 1 5 2 4 6 62
3 1 5 2 6 4 62
3 1 5 4 2 6 62
3 1 5 4 6 2 62
3 1 5 6 2 4 62
3 1 5 6 4 2 62
3 1 6 2 4 5 62
3 1 6 2 5 4 62
3 1 6 4 2 5 62
3 1 6 4 5 2 62
3 1 6 5 2 4 62
3 1 6 5 4 2 62
3 2 1 4 5 6 62
3 2 1 4 6 5 62
3 2 1 5 4 6 62
3 2 1 5 6 4 62
3 2 1 6 4 5 62
3 2 1 6 5 4 62
3 2 4 1 5 6 62
3 2 4 1 6 5 62
3 2 4 5 1 6 62
3 2 4 5 6 1 62
3 2 4 6 1 5 62
3 2 4 6 5 1 62
3 2 5 1 4 6 62
3 2 5 1 6 4 62
3 2 5 4 1 6 62
3 2 5 4 6 1 62
3 2 5 6 1 4 62
3 2 5 6 4 1 62
3 2 6 1 4 5 62
3 2 6 1 5 4 62
3 2 6 4 1 5 62
3 2 6 4 5 1 62
3 2 6 5 1 4 62
3 2 6 5 4 1 62
3 4 1 2 5 6 62
3 4 1 2 6 5 62
3 4 1 5 2 6 62
3 4 1 5 6 2 62
3 4 1 6 2 5 62
3 4 1 6 5 2 62
3 4 2 1 5 6 62
3 4 2 1 6 5 62
3 4 2 5 1 6 62
3 4 2 5 6 1 62
3 4 2 6 1 5 62
3 4 2 6 5 1 62
3 4 5 1 2 6 62
3 4 5 1 6 2 62
3 4 5 2 1 6 62
3 4 5 2 6 1 62
3 4 5 6 1 2 62
3 4 5 6 2 1 62
3 4 6 1 2 5 62
3 4 6 1 5 2 62
3 4 6 2 1 5 62
3 4 6 2 5 1 62
3 4 6 5 1 2 62
3 4 6 5 2 1 62
3 5 1 2 4 6 62
3 5 1 2 6 4 62
3 5 1 4 2 6 62
3 5 1 4 6 2 62
3 5 1 6 2 4 62
3 5 1 6 4 2 62
3 5 2 1 4 6 62
3 5 2 1 6 4 62
3 5 2 4 1 6 62
3 5 2 4 6 1 62
3 5 2 6 1 4 62
3 5 2 6 4 1 62
3 5 4 1 2 6 62
3 5 4 1 6 2 62
3 5 4 2 1 6 62
3 5 4 2 6 1 62
3 5 4 6 1 2 62
3 5 4 6 2 1 62
3 5 6 1 2 4 62
3 5 6 1 4 2 62
3 5 6 2 1 4 62
3 5 6 2 4 1 62
3 5 6 4 1 2 62
3 5 6 4 2 1 62
3 6 1 2 4 5 62
3 6 1 2 5 4 62
3 6 1 4 2 5 62
3 6 1 4 5 2 62
3 6 1 5 2 4 62
3 6 1 5 4 2 62
3 6 2 1 4 5 62
3 6 2 1 5 4 62
3 6 2 4 1 5 62
3 6 2 4 5 1 62
3 6 2 5 1 4 62
3 6 2 5 4 1 62
3 6 4 1 2 5 62
3 6 4 1 5 2 62
3 6 4 2 1 5 62
3 6 4 2 5 1 62
3 6 4 5 1 2 62
3 6 4 5 2 1 62
3 6 5 1 2 4 62
3 6 5 1 4 2 62
3 6 5 2 1 4 62
3 6 5 2 4 1 62
3 6 5 4 1 2 62
3 6 5 4 2 1 62
4 1 2 3 5 6 68
4 1 2 3 6 5 68
4 1 2 5 3 6 68
4 1 2 5 6 3 68
4 1 2 6 3 5 68
4 1 2 6 5 3 68
4 1 3 2 5 6 68
4 1 3 2 6 5 68
4 1 3 5 2 6 68
4 1 3 5 6 2 68
4 1 3 6 2 5 68
4 1 3 6 5 2 68
4 1 5 2 3 6 68
4 1 5 2 6 3 68
4 1 5 3 2 6 68
4 1 5 3 6 2 68
4 1 5 6 2 3 68
4 1 5 6 3 2 68
4 1 6 2 3 5 68
4 1 6 2 5 3 68
4 1 6 3 2 5 68
4 1 6 3 5 2 68
4 1 6 5 2 3 68
4 1 6 5 3 2 68
4 2 1 3 5 6 68
4 2 1 3 6 5 68
4 2 1 5 3 6 68
4 2 1 5 6 3 68
4 2 1 6 3 5 68
4 2 1 6 5 3 68
4 2 3 1 5 6 68
4 2 3 1 6 5 68
4 2 3 5 1 6 68
4 2 3 5 6 1 68
4 2 3 6 1 5 68
4 2 3 6 5 1 68
4 2 5 1 3 6 68
4 2 5 1 6 3 68
4 2 5 3 1 6 68
4 2 5 3 6 1 68
4 2 5 6 1 3 68
4 2 5 6 3 1 68
4 2 6 1 3 5 68
4 2 6 1 5 3 68
4 2 6 3 1 5 68
4 2 6 3 5 1 68
4 2 6 5 1 3 68
4 2 6 5 3 1 68
4 3 1 2 5 6 68
4 3 1 2 6 5 68
4 3 1 5 2 6 68
4 3 1 5 6 2 68
4 3 1 6 2 5 68
4 3 1 6 5 2 68
4 3 2 1 5 6 68
4 3 2 1 6 5 68
4 3 2 5 1 6 68
4 3 2 5 6 1 68
4 3 2 6 1 5 68
4 3 2 6 5 1 68
4 3 5 1 2 6 68
4 3 5 1 6 2 68
4 3 5 2 1 6 68
4 3 5 2 6 1 68
4 3 5 6 1 2 68
4 3 5 6 2 1 68
4 3 6 1 2 5 68
4 3 6 1 5 2 68
4 3 6 2 1 5 68
4 3 6 2 5 1 68
4 3 6 5 1 2 68
4 3 6 5 2 1 68
4 5 1 2 3 6 68
4 5 1 2 6 3 68
4 5 1 3 2 6 68
4 5 1 3 6 2 68
4 5 1 6 2 3 68
4 5 1 6 3 2 68
4 5 2 1 3 6 68
4 5 2 1 6 3 68
4 5 2 3 1 6 68
4 5 2 3 6 1 68
4 5 2 6 1 3 68
4 5 2 6 3 1 68
4 5 3 1 2 6 68
4 5 3 1 6 2 68
4 5 3 2 1 6 68
4 5 3 2 6 1 68
4 5 3 6 1 2 68
4 5 3 6 2 1 68
4 5 6 1 2 3 68
4 5 6 1 3 2 68
4 5 6 2 1 3 68
4 5 6 2 3 1 68
4 5 6 3 1 2 68
4 5 6 3 2 1 68
4 6 1 2 3 5 68
4 6 1 2 5 3 68
4 6 1 3 2 5 68
4 6 1 3 5 2 68
4 6 1 5 2 3 68
4 6 1 5 3 2 68
4 6 2 1 3 5 68
4 6 2 1 5 3 68
4 6 2 3 1 5 68
4 6 2 3 5 1 68
4 6 2 5 1 3 68
4 6 2 5 3 1 68
4 6 3 1 2 5 68
4 6 3 1 5 2 68
4 6 3 2 1 5 68
4 6 3 2 5 1 68
4 6 3 5 1 2 68
4 6 3 5 2 1 68
4 6 5 1 2 3 68
4 6 5 1 3 2 68
4 6 5 2 1 3 68
4 6 5 2 3 1 68
4 6 5 3 1 2 68
4 6 5 3 2 1 68
5 1 2 3 4 6 64
5 1 2 3 6 4 64
5 1 2 4 3 6 64
5 1 2 4 6 3 64
5 1 2 6 3 4 64
5 1 2 6 4 3 64
5 1 3 2 4 6 64
5 1 3 2 6 4 64
5 1 3 4 2 6 64
5 1 3 4 6 2 64
5 1 3 6 2 4 64
5 1 3 6 4 2 64
5 1 4 2 3 6 64
5 1 4 2 6 3 64
5 1 4 3 2 6 64
5 1 4 3 6 2 64
5 1 4 6 2 3 64
5 1 4 6 3 2 64
5 1 6 2 3 4 64
5 1 6 2 4 3 64
5 1 6 3 2 4 64
5 1 6 3 4 2 64
5 1 6 4 2 3 64
5 1 6 4 3 2 64
5 2 1 3 4 6 64
5 2 1 3 6 4 64
5 2 1 4 3 6 64
5 2 1 4 6 3 64
5 2 1 6 3 4 64
5 2 1 6 4 3 64
5 2 3 1 4 6 64
5 2 3 1 6 4 64
5 2 3 4 1 6 64
5 2 3 4 6 1 64
5 2 3 6 1 4 64
5 2 3 6 4 1 64
5 2 4 1 3 6 64
5 2 4 1 6 3 64
5 2 4 3 1 6 64
5 2 4 3 6 1 64
5 2 4 6 1 3 64
5 2 4 6 3 1 64
5 2 6 1 3 4 64
5 2 6 1 4 3 64
5 2 6 3 1 4 64
5 2 6 3 4 1 64
5 2 6 4 1 3 64
5 2 6 4 3 1 64
5 3 1 2 4 6 64
5 3 1 2 6 4 64
5 3 1 4 2 6 64
5 3 1 4 6 2 64
5 3 1 6 2 4 64
5 3 1 6 4 2 64
5 3 2 1 4 6 64
5 3 2 1 6 4 64
5 3 2 4 1 6 64
5 3 2 4 6 1 64
5 3 2 6 1 4 64
5 3 2 6 4 1 64
5 3 4 1 2 6 64
5 3 4 1 6 2 64
5 3 4 2 1 6 64
5 3 4 2 6 1 64
5 3 4 6 1 2 64
5 3 4 6 2 1 64
5 3 6 1 2 4 64
5 3 6 1 4 2 64
5 3 6 2 1 4 64
5 3 6 2 4 1 64
5 3 6 4 1 2 64
5 3 6 4 2 1 64
5 4 1 2 3 6 64
5 4 1 2 6 3 64
5 4 1 3 2 6 64
5 4 1 3 6 2 64
5 4 1 6 2 3 64
5 4 1 6 3 2 64
5 4 2 1 3 6 64
5 4 2 1 6 3 64
5 4 2 3 1 6 64
5 4 2 3 6 1 64
5 4 2 6 1 3 64
5 4 2 6 3 1 64
5 4 3 1 2 6 64
5 4 3 1 6 2 64
5 4 3 2 1 6 64
5 4 3 2 6 1 64
5 4 3 6 1 2 64
5 4 3 6 2 1 64
5 4 6 1 2 3 64
5 4 6 1 3 2 64
5 4 6 2 1 3 64
5 4 6 2 3 1 64
5 4 6 3 1 2 64
5 4 6 3 2 1 64
5 6 1 2 3 4 64
5 6 1 2 4 3 64
5 6 1 3 2 4 64
5 6 1 3 4 2 64
5 6 1 4 2 3 64
5 6 1 4 3 2 64
5 6 2 1 3 4 64
5 6 2 1 4 3 64
5 6 2 3 1 4 64
5 6 2 3 4 1 64
5 6 2 4 1 3 64
5 6 2 4 3 1 64
5 6 3 1 2 4 64
5 6 3 1 4 2 64
5 6 3 2 1 4 64
5 6 3 2 4 1 64
5 6 3 4 1 2 64
5 6 3 4 2 1 64
5 6 4 1 2 3 64
5 6 4 1 3 2 64
5 6 4 2 1 3 64
5 6 4 2 3 1 64
5 6 4 3 1 2 64
5 6 4 3 2 1 64
6 1 2 3 4 5 65
6 1 2 3 5 4 65
6 1 2 4 3 5 65
6 1 2 4 5 3 65
6 1 2 5 3 4 65
6 1 2 5 4 3 65
6 1 3 2 4 5 65
6 1 3 2 5 4 65
6 1 3 4 2 5 65
6 1 3 4 5 2 65
6 1 3 5 2 4 65
6 1 3 5 4 2 65
6 1 4 2 3 5 65
6 1 4 2 5 3 65
6 1 4 3 2 5 65
6 1 4 3 5 2 65
6 1 4 5 2 3 65
6 1 4 5 3 2 65
6 1 5 2 3 4 65
6 1 5 2 4 3 65
6 1 5 3 2 4 65
6 1 5 3 4 2 65
6 1 5 4 2 3 65
6 1 5 4 3 2 65
6 2 1 3 4 5 65
6 2 1 3 5 4 65
6 2 1 4 3 5 65
6 2 1 4 5 3 65
6 2 1 5 3 4 65
6 2 1 5 4 3 65
6 2 3 1 4 5 65
6 2 3 1 5 4 65
6 2 3 4 1 5 65
6 2 3 4 5 1 65
6 2 3 5 1 4 65
6 2 3 5 4 1 65
6 2 4 1 3 5 65
6 2 4 1 5 3 65
6 2 4 3 1 5 65
6 2 4 3 5 1 65
6 2 4 5 1 3 65
6 2 4 5 3 1 65
6 2 5 1 3 4 65
6 2 5 1 4 3 65
6 2 5 3 1 4 65
6 2 5 3 4 1 65
6 2 5 4 1 3 65
6 2 5 4 3 1 65
6 3 1 2 4 5 65
6 3 1 2 5 4 65
6 3 1 4 2 5 65
6 3 1 4 5 2 65
6 3 1 5 2 4 65
6 3 1 5 4 2 65
6 3 2 1 4 5 65
6 3 2 1 5 4 65
6 3 2 4 1 5 65
6 3 2 4 5 1 65
6 3 2 5 1 4 65
6 3 2 5 4 1 65
6 3 4 1 2 5 65
6 3 4 1 5 2 65
6 3 4 2 1 5 65
6 3 4 2 5 1 65
6 3 4 5 1 2 65
6 3 4 5 2 1 65
6 3 5 1 2 4 65
6 3 5 1 4 2 65
6 3 5 2 1 4 65
6 3 5 2 4 1 65
6 3 5 4 1 2 65
6 3 5 4 2 1 65
6 4 1 2 3 5 65
6 4 1 2 5 3 65
6 4 1 3 2 5 65
6 4 1 3 5 2 65
6 4 1 5 2 3 65
6 4 1 5 3 2 65
6 4 2 1 3 5 65
6 4 2 1 5 3 65
6 4 2 3 1 5 65
6 4 2 3 5 1 65
6 4 2 5 1 3 65
6 4 2 5 3 1 65
6 4 3 1 2 5 65
6 4 3 1 5 2 65
6 4 3 2 1 5 65
6 4 3 2 5 1 65
6 4 3 5 1 2 65
6 4 3 5 2 1 65
6 4 5 1 2 3 65
6 4 5 1 3 2 65
6 4 5 2 1 3 65
6 4 5 2 3 1 65
6 4 5 3 1 2 65
6 4 5 3 2 1 65
6 5 1 2 3 4 65
6 5 1 2 4 3 65
6 5 1 3 2 4 65
6 5 1 3 4 2 65
6 5 1 4 2 3 65
6 5 1 4 3 2 65
6 5 2 1 3 4 65
6 5 2 1 4 3 65
6 5 2 3 1 4 65
6 5 2 3 4 1 65
6 5 2 4 1 3 65
6 5 2 4 3 1 65
6 5 3 1 2 4 65
6 5 3 1 4 2 65
6 5 3 2 1 4 65
6 5 3 2 4 1 65
6 5 3 4 1 2 65
6 5 3 4 2 1 65
6 5 4 1 2 3 65
6 5 4 1 3 2 65
6 5 4 2 1 3 65
6 5 4 2 3 1 65
6 5 4 3 1 2 65
6 5 4 3 2 1 65
